1765  0.27805158E+03
1766  0.27810615E+03
1767  0.27822039E+03
1768  0.27834305E+03
1769  0.27847058E+03
1770  0.27860047E+03
1771  0.27873275E+03
1772  0.27886881E+03
1773  0.27900907E+03
1774  0.27915318E+03
1775  0.27930180E+03
1776  0.27945680E+03
1777  0.27961808E+03
1778  0.27978192E+03
1779  0.27994320E+03
1780  0.28009740E+03
1781  0.28024280E+03
1782  0.28038168E+03
1783  0.28051832E+03
1784  0.28065720E+03
1785  0.28080260E+03
1786  0.28095680E+03
1787  0.28111808E+03
1788  0.28128192E+03
1789  0.28144320E+03
1790  0.28159820E+03
1791  0.28174682E+03
1792  0.28189093E+03
1793  0.28203119E+03
1794  0.28216725E+03
1795  0.28229901E+03
1796  0.28242680E+03
1797  0.28255093E+03
1798  0.28267123E+03
1799  0.28278730E+03
1800  0.28289901E+03
1801  0.28300677E+03
1802  0.28311093E+03
1803  0.28321129E+03
1804  0.28330737E+03
1805  0.28339963E+03
1806  0.28348978E+03
1807  0.28357796E+03
1808  0.28366116E+03
1809  0.28373511E+03
1810  0.28379676E+03
1811  0.28384667E+03
1812  0.28388853E+03
1813  0.28392613E+03
1814  0.28396267E+03
1815  0.28400107E+03
1816  0.28404267E+03
1817  0.28408613E+03
1818  0.28412853E+03
1819  0.28416667E+03
1820  0.28419820E+03
1821  0.28422333E+03
1822  0.28424427E+03
1823  0.28426307E+03
1824  0.28428133E+03
1825  0.28430027E+03
1826  0.28432000E+03
1827  0.28434000E+03
1828  0.28436000E+03
1829  0.28438000E+03
1830  0.28440000E+03
1831  0.28438500E+03
1832  0.28428000E+03
1833  0.28412500E+03
1834  0.28397500E+03
1835  0.28382500E+03
1836  0.28367500E+03
1837  0.28352500E+03
1838  0.28342500E+03
1839  0.28340000E+03
1840  0.28340000E+03
1841  0.28342500E+03
1842  0.28350000E+03
1843  0.28360000E+03
1844  0.28372500E+03
1845  0.28390000E+03
1846  0.28407500E+03
1847  0.28422500E+03
1848  0.28440000E+03
1849  0.28457500E+03
1850  0.28472500E+03
1851  0.28487500E+03
1852  0.28500000E+03
1853  0.28512500E+03
1854  0.28527500E+03
1855  0.28542500E+03
1856  0.28557500E+03
1857  0.28572500E+03
1858  0.28590000E+03
1859  0.28607500E+03
1860  0.28622500E+03
1861  0.28637500E+03
1862  0.28650000E+03
1863  0.28662500E+03
1864  0.28677500E+03
1865  0.28690000E+03
1866  0.28700000E+03
1867  0.28710000E+03
1868  0.28722500E+03
1869  0.28737500E+03
1870  0.28752500E+03
1871  0.28770000E+03
1872  0.28790000E+03
1873  0.28812500E+03
1874  0.28840000E+03
1875  0.28870000E+03
1876  0.28902500E+03
1877  0.28940000E+03
1878  0.28980000E+03
1879  0.29022500E+03
1880  0.29070000E+03
1881  0.29120000E+03
1882  0.29167500E+03
1883  0.29212500E+03
1884  0.29257500E+03
1885  0.29297500E+03
1886  0.29330000E+03
1887  0.29357500E+03
1888  0.29380000E+03
1889  0.29400000E+03
1890  0.29417500E+03
1891  0.29432500E+03
1892  0.29447500E+03
1893  0.29460000E+03
1894  0.29470000E+03
1895  0.29480000E+03
1896  0.29490000E+03
1897  0.29502500E+03
1898  0.29522500E+03
1899  0.29550000E+03
1900  0.29580000E+03
1901  0.29612500E+03
1902  0.29647500E+03
1903  0.29682500E+03
1904  0.29720000E+03
1905  0.29762500E+03
1906  0.29807500E+03
1907  0.29850000E+03
1908  0.29890000E+03
1909  0.29930000E+03
1910  0.29970000E+03
1911  0.30007500E+03
1912  0.30042500E+03
1913  0.30077500E+03
1914  0.30110000E+03
1915  0.30140000E+03
1916  0.30172500E+03
1917  0.30207500E+03
1918  0.30240000E+03
1919  0.30270000E+03
1920  0.30302500E+03
1921  0.30340000E+03
1922  0.30377500E+03
1923  0.30412500E+03
1924  0.30452500E+03
1925  0.30497500E+03
1926  0.30540000E+03
1927  0.30582500E+03
1928  0.30630000E+03
1929  0.30677500E+03
1930  0.30722500E+03
1931  0.30770000E+03
1932  0.30817500E+03
1933  0.30860000E+03
1934  0.30900000E+03
1935  0.30940000E+03
1936  0.30975000E+03
1937  0.31000000E+03
1938  0.31017500E+03
1939  0.31030000E+03
1940  0.31037500E+03
1941  0.31037500E+03
1942  0.31030000E+03
1943  0.31020000E+03
1944  0.31012500E+03
1945  0.31010000E+03
1946  0.31012500E+03
1947  0.31020000E+03
1948  0.31032500E+03
1949  0.31050000E+03
1950  0.31075000E+03
1951  0.31110000E+03
1952  0.31150000E+03
1953  0.31192500E+03
1954  0.31242500E+03
1955  0.31300000E+03
1956  0.31360000E+03
1957  0.31422500E+03
1958  0.31484750E+03
1959  0.31550000E+03
1960  0.31627250E+03
1961  0.31707500E+03
1962  0.31779500E+03
1963  0.31839750E+03
1964  0.31892500E+03
1965  0.31964750E+03
1966  0.32064750E+03
1967  0.32160500E+03
1968  0.32263500E+03
1969  0.32390250E+03
1970  0.32498500E+03
1971  0.32585500E+03
1972  0.32714000E+03
1973  0.32867750E+03
1974  0.32974250E+03
1975  0.33058500E+03
1976  0.33174750E+03
1977  0.33327250E+03
1978  0.33484750E+03
1979  0.33652500E+03
1980  0.33836000E+03
1981  0.33972750E+03
1982  0.34079250E+03
1983  0.34219750E+03
1984  0.34378250E+03
1985  0.34528250E+03
1986  0.34679750E+03
1987  0.34864500E+03
1988  0.35073750E+03
1989  0.35248750E+03
1990  0.35385500E+03
1991  0.35501750E+03
1992  0.35588500E+03
1993  0.35677750E+03
1994  0.35812750E+03
1995  0.35983750E+03
1996  0.36146250E+03
1997  0.36315500E+03
1998  0.36532250E+03
1999  0.36734750E+03
2000  0.36886500E+03
2001  0.37046750E+03
2002  0.37252250E+03
2003  0.37476000E+03
2004  0.37681250E+03
2005  0.37881250E+03
2006  0.38082750E+03
2007  0.38277750E+03
2008  0.38480000E+03
2009  0.38700054E+03
2010  0.38928521E+03
2011  0.39156252E+03
2012  0.39384273E+03
2013  0.39611734E+03
2014  0.39839568E+03
2015  0.40068068E+03
2016  0.40296830E+03
2017  0.40525182E+03
2018  0.40752882E+03
2019  0.40980029E+03
2020  0.41206783E+03
2021  0.41432565E+03
2022  0.41651662E+03
2023  0.41860322E+03
2024  0.42060132E+03
2025  0.42251575E+03
2026  0.42434901E+03
2027  0.42609675E+03
2028  0.42775232E+03
2029  0.42931381E+03
2030  0.43078315E+03
2031  0.43216344E+03
2032  0.43343618E+03
2033  0.43459273E+03
2034  0.43565302E+03
2035  0.43662804E+03
2036  0.43752158E+03
2037  0.43833433E+03
2038  0.43906015E+03
2039  0.43969061E+03
2040  0.44022240E+03
2041  0.44065666E+03
2042  0.44102476E+03
2043  0.44134651E+03
2044  0.44162100E+03
2045  0.44186440E+03
2046  0.44208482E+03
2047  0.44228340E+03
2048  0.44245830E+03
2049  0.44260091E+03
2050  0.44270046E+03
2051  0.44275184E+03
2052  0.44276100E+03
2053  0.44273417E+03
2054  0.44266263E+03
2055  0.44254767E+03
2056  0.44240642E+03
2057  0.44224833E+03
2058  0.44207535E+03
2059  0.44188625E+03
2060  0.44167274E+03
2061  0.44142415E+03
2062  0.44113450E+03
2063  0.44080284E+03
2064  0.44043041E+03
2065  0.44001021E+03
2066  0.43954473E+03
2067  0.43905222E+03
2068  0.43854291E+03
2069  0.43801932E+03
2070  0.43748062E+03
2071  0.43691878E+03
2072  0.43634251E+03
2073  0.43576436E+03
2074  0.43518189E+03
2075  0.43459500E+03
2076  0.43399542E+03
2077  0.43338456E+03
2078  0.43277961E+03
2079  0.43218978E+03
2080  0.43161659E+03
2081  0.43105847E+03
2082  0.43051026E+03
2083  0.42996413E+03
2084  0.42941411E+03
2085  0.42885906E+03
2086  0.42829910E+03
2087  0.42772652E+03
2088  0.42714308E+03
2089  0.42656607E+03
2090  0.42600472E+03
2091  0.42546065E+03
2092  0.42493745E+03
2093  0.42443129E+03
2094  0.42393083E+03
2095  0.42343058E+03
2096  0.42292945E+03
2097  0.42242761E+03
2098  0.42191753E+03
2099  0.42140111E+03
2100  0.42089546E+03
2101  0.42040998E+03
2102  0.41994532E+03
2103  0.41949831E+03
2104  0.41905981E+03
2105  0.41861902E+03
2106  0.41817082E+03
2107  0.41771454E+03
2108  0.41725070E+03
2109  0.41677219E+03
2110  0.41628127E+03
2111  0.41579518E+03
2112  0.41532319E+03
2113  0.41486696E+03
2114  0.41442496E+03
2115  0.41398893E+03
2116  0.41354867E+03
2117  0.41309942E+03
2118  0.41264076E+03
2119  0.41217338E+03
2120  0.41169045E+03
2121  0.41119435E+03
2122  0.41070228E+03
2123  0.41022339E+03
2124  0.40975930E+03
2125  0.40930847E+03
2126  0.40886270E+03
2127  0.40841656E+03
2128  0.40796956E+03
2129  0.40752073E+03
2130  0.40707051E+03
2131  0.40661189E+03
2132  0.40614707E+03
2133  0.40569286E+03
2134  0.40525809E+03
2135  0.40484413E+03
2136  0.40444922E+03
2137  0.40406507E+03
2138  0.40368161E+03
2139  0.40329415E+03
2140  0.40290226E+03
2141  0.40250662E+03
2142  0.40210056E+03
2143  0.40168653E+03
2144  0.40128131E+03
2145  0.40089375E+03
2146  0.40052523E+03
2147  0.40017404E+03
2148  0.39983204E+03
2149  0.39948930E+03
2150  0.39914131E+03
2151  0.39878772E+03
2152  0.39842927E+03
2153  0.39805950E+03
2154  0.39768091E+03
2155  0.39731021E+03
2156  0.39695616E+03
2157  0.39662009E+03
2158  0.39630030E+03
2159  0.39598871E+03
2160  0.39567554E+03
2161  0.39535634E+03
2162  0.39503085E+03
2163  0.39469985E+03
2164  0.39435700E+03
2165  0.39400489E+03
2166  0.39366010E+03
2167  0.39333128E+03
2168  0.39301974E+03
2169  0.39272374E+03
2170  0.39243525E+03
2171  0.39214460E+03
2172  0.39184744E+03
2173  0.39154354E+03
2174  0.39123370E+03
2175  0.39091172E+03
2176  0.39058024E+03
2177  0.39025571E+03
2178  0.38994668E+03
2179  0.38965441E+03
2180  0.38937713E+03
2181  0.38910687E+03
2182  0.38883404E+03
2183  0.38855437E+03
2184  0.38826765E+03
2185  0.38797473E+03
2186  0.38766950E+03
2187  0.38735465E+03
2188  0.38704651E+03
2189  0.38675353E+03
2190  0.38647692E+03
2191  0.38621487E+03
2192  0.38595946E+03
2193  0.38570118E+03
2194  0.38543582E+03
2195  0.38516322E+03
2196  0.38488424E+03
2197  0.38459286E+03
2198  0.38429183E+03
2199  0.38399735E+03
2200  0.38371778E+03
2201  0.38345425E+03
2202  0.38320495E+03
2203  0.38296197E+03
2204  0.38271591E+03
2205  0.38246260E+03
2206  0.38220191E+03
2207  0.38193471E+03
2208  0.38165510E+03
2209  0.38136585E+03
2210  0.38108304E+03
2211  0.38081494E+03
2212  0.38056263E+03
2213  0.38032426E+03
2214  0.38009195E+03
2215  0.37985638E+03
2216  0.37961345E+03
2217  0.37936304E+03
2218  0.37910604E+03
2219  0.37883665E+03
2220  0.37855765E+03
2221  0.37828503E+03
2222  0.37802696E+03
2223  0.37778445E+03
2224  0.37755563E+03
2225  0.37733266E+03
2226  0.37710629E+03
2227  0.37687246E+03
2228  0.37663109E+03
2229  0.37638308E+03
2230  0.37612271E+03
2231  0.37585281E+03
2232  0.37558923E+03
2233  0.37534006E+03
2234  0.37510628E+03
2235  0.37488595E+03
2236  0.37467128E+03
2237  0.37445310E+03
2238  0.37422739E+03
2239  0.37399410E+03
2240  0.37375412E+03
2241  0.37350184E+03
2242  0.37324011E+03
2243  0.37298467E+03
2244  0.37274353E+03
2245  0.37251759E+03
2246  0.37230492E+03
2247  0.37209773E+03
2248  0.37188692E+03
2249  0.37166854E+03
2250  0.37144254E+03
2251  0.37120984E+03
2252  0.37096489E+03
2253  0.37071059E+03
2254  0.37046256E+03
2255  0.37022872E+03
2256  0.37000993E+03
2257  0.36980422E+03
2258  0.36960385E+03
2259  0.36939976E+03
2260  0.36918806E+03
2261  0.36896871E+03
2262  0.36874266E+03
2263  0.36850442E+03
2264  0.36825693E+03
2265  0.36801570E+03
2266  0.36778857E+03
2267  0.36757635E+03
2268  0.36737703E+03
2269  0.36718290E+03
2270  0.36698498E+03
2271  0.36677941E+03
2272  0.36656619E+03
2273  0.36634625E+03
2274  0.36611421E+03
2275  0.36587300E+03
2276  0.36563806E+03
2277  0.36541713E+03
2278  0.36521098E+03
2279  0.36501757E+03
2280  0.36482921E+03
2281  0.36463699E+03
2282  0.36443710E+03
2283  0.36422954E+03
2284  0.36401526E+03
2285  0.36378896E+03
2286  0.36355360E+03
2287  0.36332451E+03
2288  0.36310935E+03
2289  0.36290884E+03
2290  0.36272091E+03
2291  0.36253791E+03
2292  0.36235099E+03
2293  0.36215637E+03
2294  0.36195408E+03
2295  0.36174508E+03
2296  0.36152413E+03
2297  0.36129423E+03
2298  0.36107060E+03
2299  0.36086083E+03
2300  0.36066558E+03
2301  0.36048278E+03
2302  0.36030479E+03
2303  0.36012281E+03
2304  0.35993311E+03
2305  0.35973574E+03
2306  0.35953167E+03
2307  0.35931573E+03
2308  0.35909095E+03
2309  0.35887244E+03
2310  0.35866772E+03
2311  0.35847742E+03
2312  0.35829942E+03
2313  0.35812611E+03
2314  0.35794876E+03
2315  0.35776367E+03
2316  0.35757092E+03
2317  0.35737148E+03
2318  0.35716025E+03
2319  0.35694027E+03
2320  0.35672659E+03
2321  0.35652662E+03
2322  0.35634097E+03
2323  0.35616748E+03
2324  0.35599857E+03
2325  0.35582557E+03
2326  0.35564482E+03
2327  0.35545642E+03
2328  0.35526133E+03
2329  0.35505453E+03
2330  0.35483910E+03
2331  0.35462997E+03
2332  0.35443449E+03
2333  0.35425322E+03
2334  0.35408399E+03
2335  0.35391923E+03
2336  0.35375033E+03
2337  0.35357367E+03
2338  0.35338936E+03
2339  0.35319838E+03
2340  0.35299578E+03
2341  0.35278464E+03
2342  0.35257981E+03
2343  0.35238859E+03
2344  0.35221147E+03
2345  0.35204626E+03
2346  0.35188542E+03
2347  0.35172039E+03
2348  0.35154760E+03
2349  0.35136717E+03
2350  0.35118007E+03
2351  0.35098144E+03
2352  0.35077437E+03
2353  0.35057364E+03
2354  0.35038645E+03
2355  0.35021326E+03
2356  0.35005186E+03
2357  0.34989473E+03
2358  0.34973338E+03
2359  0.34956425E+03
2360  0.34938748E+03
2361  0.34920408E+03
2362  0.34900921E+03
2363  0.34880602E+03
2364  0.34860917E+03
2365  0.34842581E+03
2366  0.34825637E+03
2367  0.34809859E+03
2368  0.34794498E+03
2369  0.34778711E+03
2370  0.34762145E+03
2371  0.34744817E+03
2372  0.34726827E+03
2373  0.34707699E+03
2374  0.34687749E+03
2375  0.34668435E+03
2376  0.34650464E+03
2377  0.34633875E+03
2378  0.34618441E+03
2379  0.34603416E+03
2380  0.34587960E+03
2381  0.34571725E+03
2382  0.34554729E+03
2383  0.34537072E+03
2384  0.34518286E+03
2385  0.34498687E+03
2386  0.34479727E+03
2387  0.34462105E+03
2388  0.34445856E+03
2389  0.34430750E+03
2390  0.34416044E+03
2391  0.34400903E+03
2392  0.34384983E+03
2393  0.34368304E+03
2394  0.34350965E+03
2395  0.34332505E+03
2396  0.34313243E+03
2397  0.34294620E+03
2398  0.34277331E+03
2399  0.34261407E+03
2400  0.34246614E+03
2401  0.34232213E+03
2402  0.34217373E+03
2403  0.34201754E+03
2404  0.34185376E+03
2405  0.34168342E+03
2406  0.34150194E+03
2407  0.34131253E+03
2408  0.34112955E+03
2409  0.34095985E+03
2410  0.34080371E+03
2411  0.34065878E+03
2412  0.34051768E+03
2413  0.34037215E+03
2414  0.34021884E+03
2415  0.34005795E+03
2416  0.33989052E+03
2417  0.33971203E+03
2418  0.33952571E+03
2419  0.33934583E+03
2420  0.33917919E+03
2421  0.33902602E+03
2422  0.33888397E+03
2423  0.33874565E+03
2424  0.33860288E+03
2425  0.33845232E+03
2426  0.33829420E+03
2427  0.33812955E+03
2428  0.33795392E+03
2429  0.33777057E+03
2430  0.33759367E+03
2431  0.33742997E+03
2432  0.33727966E+03
2433  0.33714036E+03
2434  0.33700472E+03
2435  0.33686458E+03
2436  0.33671666E+03
2437  0.33656120E+03
2438  0.33639922E+03
2439  0.33622635E+03
2440  0.33604585E+03
2441  0.33587182E+03
2442  0.33571094E+03
2443  0.33556338E+03
2444  0.33542672E+03
2445  0.33529364E+03
2446  0.33515604E+03
2447  0.33501065E+03
2448  0.33485773E+03
2449  0.33469833E+03
2450  0.33452811E+03
2451  0.33435035E+03
2452  0.33417908E+03
2453  0.33402092E+03
2454  0.33387600E+03
2455  0.33374189E+03
2456  0.33361127E+03
2457  0.33347610E+03
2458  0.33333315E+03
2459  0.33318269E+03
2460  0.33302576E+03
2461  0.33285808E+03
2462  0.33268296E+03
2463  0.33251436E+03
2464  0.33235883E+03
2465  0.33221645E+03
2466  0.33208479E+03
2467  0.33195654E+03
2468  0.33182371E+03
2469  0.33168311E+03
2470  0.33153500E+03
2471  0.33138045E+03
2472  0.33121523E+03
2473  0.33104267E+03
2474  0.33087664E+03
2475  0.33072364E+03
2476  0.33058372E+03
2477  0.33045441E+03
2478  0.33032845E+03
2479  0.33019788E+03
2480  0.33005953E+03
2481  0.32991370E+03
2482  0.32976144E+03
2483  0.32959860E+03
2484  0.32942850E+03
2485  0.32926495E+03
2486  0.32911439E+03
2487  0.32897684E+03
2488  0.32884981E+03
2489  0.32872606E+03
2490  0.32859766E+03
2491  0.32846149E+03
2492  0.32831785E+03
2493  0.32816781E+03
2494  0.32800726E+03
2495  0.32783954E+03
2496  0.32767840E+03
2497  0.32753021E+03
2498  0.32739495E+03
2499  0.32727012E+03
2500  0.32720980E+03