1765 0.27805158E+03
1766 0.27810615E+03
1767 0.27822039E+03
1768 0.27834305E+03
1769 0.27847058E+03
1770 0.27860047E+03
1771 0.27873275E+03
1772 0.27886881E+03
1773 0.27900907E+03
1774 0.27915318E+03
1775 0.27930180E+03
1776 0.27945680E+03
1777 0.27961808E+03
1778 0.27978192E+03
1779 0.27994320E+03
1780 0.28009740E+03
1781 0.28024280E+03
1782 0.28038168E+03
1783 0.28051832E+03
1784 0.28065720E+03
1785 0.28080260E+03
1786 0.28095680E+03
1787 0.28111808E+03
1788 0.28128192E+03
1789 0.28144320E+03
1790 0.28159820E+03
1791 0.28174682E+03
1792 0.28189093E+03
1793 0.28203119E+03
1794 0.28216725E+03
1795 0.28229901E+03
1796 0.28242680E+03
1797 0.28255093E+03
1798 0.28267123E+03
1799 0.28278730E+03
1800 0.28289901E+03
1801 0.28300677E+03
1802 0.28311093E+03
1803 0.28321129E+03
1804 0.28330737E+03
1805 0.28339963E+03
1806 0.28348978E+03
1807 0.28357796E+03
1808 0.28366116E+03
1809 0.28373511E+03
1810 0.28379676E+03
1811 0.28384667E+03
1812 0.28388853E+03
1813 0.28392613E+03
1814 0.28396267E+03
1815 0.28400107E+03
1816 0.28404267E+03
1817 0.28408613E+03
1818 0.28412853E+03
1819 0.28416667E+03
1820 0.28419820E+03
1821 0.28422333E+03
1822 0.28424427E+03
1823 0.28426307E+03
1824 0.28428133E+03
1825 0.28430027E+03
1826 0.28432000E+03
1827 0.28434000E+03
1828 0.28436000E+03
1829 0.28438000E+03
1830 0.28440000E+03
1831 0.28438500E+03
1832 0.28428000E+03
1833 0.28412500E+03
1834 0.28397500E+03
1835 0.28382500E+03
1836 0.28367500E+03
1837 0.28352500E+03
1838 0.28342500E+03
1839 0.28340000E+03
1840 0.28340000E+03
1841 0.28342500E+03
1842 0.28350000E+03
1843 0.28360000E+03
1844 0.28372500E+03
1845 0.28390000E+03
1846 0.28407500E+03
1847 0.28422500E+03
1848 0.28440000E+03
1849 0.28457500E+03
1850 0.28472500E+03
1851 0.28487500E+03
1852 0.28500000E+03
1853 0.28512500E+03
1854 0.28527500E+03
1855 0.28542500E+03
1856 0.28557500E+03
1857 0.28572500E+03
1858 0.28590000E+03
1859 0.28607500E+03
1860 0.28622500E+03
1861 0.28637500E+03
1862 0.28650000E+03
1863 0.28662500E+03
1864 0.28677500E+03
1865 0.28690000E+03
1866 0.28700000E+03
1867 0.28710000E+03
1868 0.28722500E+03
1869 0.28737500E+03
1870 0.28752500E+03
1871 0.28770000E+03
1872 0.28790000E+03
1873 0.28812500E+03
1874 0.28840000E+03
1875 0.28870000E+03
1876 0.28902500E+03
1877 0.28940000E+03
1878 0.28980000E+03
1879 0.29022500E+03
1880 0.29070000E+03
1881 0.29120000E+03
1882 0.29167500E+03
1883 0.29212500E+03
1884 0.29257500E+03
1885 0.29297500E+03
1886 0.29330000E+03
1887 0.29357500E+03
1888 0.29380000E+03
1889 0.29400000E+03
1890 0.29417500E+03
1891 0.29432500E+03
1892 0.29447500E+03
1893 0.29460000E+03
1894 0.29470000E+03
1895 0.29480000E+03
1896 0.29490000E+03
1897 0.29502500E+03
1898 0.29522500E+03
1899 0.29550000E+03
1900 0.29580000E+03
1901 0.29612500E+03
1902 0.29647500E+03
1903 0.29682500E+03
1904 0.29720000E+03
1905 0.29762500E+03
1906 0.29807500E+03
1907 0.29850000E+03
1908 0.29890000E+03
1909 0.29930000E+03
1910 0.29970000E+03
1911 0.30007500E+03
1912 0.30042500E+03
1913 0.30077500E+03
1914 0.30110000E+03
1915 0.30140000E+03
1916 0.30172500E+03
1917 0.30207500E+03
1918 0.30240000E+03
1919 0.30270000E+03
1920 0.30302500E+03
1921 0.30340000E+03
1922 0.30377500E+03
1923 0.30412500E+03
1924 0.30452500E+03
1925 0.30497500E+03
1926 0.30540000E+03
1927 0.30582500E+03
1928 0.30630000E+03
1929 0.30677500E+03
1930 0.30722500E+03
1931 0.30770000E+03
1932 0.30817500E+03
1933 0.30860000E+03
1934 0.30900000E+03
1935 0.30940000E+03
1936 0.30975000E+03
1937 0.31000000E+03
1938 0.31017500E+03
1939 0.31030000E+03
1940 0.31037500E+03
1941 0.31037500E+03
1942 0.31030000E+03
1943 0.31020000E+03
1944 0.31012500E+03
1945 0.31010000E+03
1946 0.31012500E+03
1947 0.31020000E+03
1948 0.31032500E+03
1949 0.31050000E+03
1950 0.31075000E+03
1951 0.31110000E+03
1952 0.31150000E+03
1953 0.31192500E+03
1954 0.31242500E+03
1955 0.31300000E+03
1956 0.31360000E+03
1957 0.31422500E+03
1958 0.31484750E+03
1959 0.31550000E+03
1960 0.31627250E+03
1961 0.31707500E+03
1962 0.31779500E+03
1963 0.31839750E+03
1964 0.31892500E+03
1965 0.31964750E+03
1966 0.32064750E+03
1967 0.32160500E+03
1968 0.32263500E+03
1969 0.32390250E+03
1970 0.32498500E+03
1971 0.32585500E+03
1972 0.32714000E+03
1973 0.32867750E+03
1974 0.32974250E+03
1975 0.33058500E+03
1976 0.33174750E+03
1977 0.33327250E+03
1978 0.33484750E+03
1979 0.33652500E+03
1980 0.33836000E+03
1981 0.33972750E+03
1982 0.34079250E+03
1983 0.34219750E+03
1984 0.34378250E+03
1985 0.34528250E+03
1986 0.34679750E+03
1987 0.34864500E+03
1988 0.35073750E+03
1989 0.35248750E+03
1990 0.35385500E+03
1991 0.35501750E+03
1992 0.35588500E+03
1993 0.35677750E+03
1994 0.35812750E+03
1995 0.35983750E+03
1996 0.36146250E+03
1997 0.36315500E+03
1998 0.36532250E+03
1999 0.36734750E+03
2000 0.36886500E+03
2001 0.37046750E+03
2002 0.37252250E+03
2003 0.37476000E+03
2004 0.37681250E+03
2005 0.37881250E+03
2006 0.38082750E+03
2007 0.38277750E+03
2008 0.38480000E+03
2009 0.38695160E+03
2010 0.38912785E+03
2011 0.39127357E+03
2012 0.39342110E+03
2013 0.39558283E+03
2014 0.39776408E+03
2015 0.39996631E+03
2016 0.40218432E+03
2017 0.40441077E+03
2018 0.40664292E+03
2019 0.40888170E+03
2020 0.41112868E+03
2021 0.41337804E+03
2022 0.41563944E+03
2023 0.41793551E+03
2024 0.42027395E+03
2025 0.42265593E+03
2026 0.42507983E+03
2027 0.42753791E+03
2028 0.43002060E+03
2029 0.43252340E+03
2030 0.43504594E+03
2031 0.43758886E+03
2032 0.44013137E+03
2033 0.44266419E+03
2034 0.44520699E+03
2035 0.44776978E+03
2036 0.45035539E+03
2037 0.45296337E+03
2038 0.45558649E+03
2039 0.45821520E+03
2040 0.46084499E+03
2041 0.46347549E+03
2042 0.46609336E+03
2043 0.46867807E+03
2044 0.47123389E+03
2045 0.47378031E+03
2046 0.47632819E+03
2047 0.47888085E+03
2048 0.48143826E+03
2049 0.48399308E+03
2050 0.48653532E+03
2051 0.48906035E+03
2052 0.49153558E+03
2053 0.49393186E+03
2054 0.49624365E+03
2055 0.49847436E+03
2056 0.50064502E+03
2057 0.50276788E+03
2058 0.50484729E+03
2059 0.50688408E+03
2060 0.50887135E+03
2061 0.51079905E+03
2062 0.51264717E+03
2063 0.51440151E+03
2064 0.51606461E+03
2065 0.51762854E+03
2066 0.51909606E+03
2067 0.52048828E+03
2068 0.52181772E+03
2069 0.52308871E+03
2070 0.52430217E+03
2071 0.52545089E+03
2072 0.52650901E+03
2073 0.52745707E+03
2074 0.52829593E+03
2075 0.52902718E+03
2076 0.52964253E+03
2077 0.53014419E+03
2078 0.53055341E+03
2079 0.53088313E+03
2080 0.53113797E+03
2081 0.53131935E+03
2082 0.53148991E+03
2083 0.53170213E+03
2084 0.53194208E+03
2085 0.53220472E+03
2086 0.53248672E+03
2087 0.53277553E+03
2088 0.53306978E+03
2089 0.53338792E+03
2090 0.53374072E+03
2091 0.53413086E+03
2092 0.53455754E+03
2093 0.53501142E+03
2094 0.53547962E+03
2095 0.53595487E+03
2096 0.53643510E+03
2097 0.53691986E+03
2098 0.53739855E+03
2099 0.53787136E+03
2100 0.53835830E+03
2101 0.53887150E+03
2102 0.53938819E+03
2103 0.53988381E+03
2104 0.54035213E+03
2105 0.54078203E+03
2106 0.54116804E+03
2107 0.54150962E+03
2108 0.54180769E+03
2109 0.54205261E+03
2110 0.54224555E+03
2111 0.54240767E+03
2112 0.54255941E+03
2113 0.54271221E+03
2114 0.54286612E+03
2115 0.54301262E+03
2116 0.54313926E+03
2117 0.54323925E+03
2118 0.54331105E+03
2119 0.54335475E+03
2120 0.54335993E+03
2121 0.54332712E+03
2122 0.54328815E+03
2123 0.54326597E+03
2124 0.54326382E+03
2125 0.54328162E+03
2126 0.54331031E+03
2127 0.54333700E+03
2128 0.54335452E+03
2129 0.54336102E+03
2130 0.54335628E+03
2131 0.54332954E+03
2132 0.54328277E+03
2133 0.54323814E+03
2134 0.54320814E+03
2135 0.54319691E+03
2136 0.54320476E+03
2137 0.54322301E+03
2138 0.54323901E+03
2139 0.54324580E+03
2140 0.54324169E+03
2141 0.54322663E+03
2142 0.54318977E+03
2143 0.54313128E+03
2144 0.54307193E+03
2145 0.54302451E+03
2146 0.54299340E+03
2147 0.54297911E+03
2148 0.54297309E+03
2149 0.54296279E+03
2150 0.54295532E+03
2151 0.54295532E+03
2152 0.54295532E+03
2153 0.54295532E+03
2154 0.54295532E+03
2155 0.54295532E+03
2156 0.54295532E+03
2157 0.54295532E+03
2158 0.54295532E+03
2159 0.54295532E+03
2160 0.54295532E+03
2161 0.54295532E+03
2162 0.54295532E+03
2163 0.54295532E+03
2164 0.54295532E+03
2165 0.54295532E+03
2166 0.54295532E+03
2167 0.54295532E+03
2168 0.54295532E+03
2169 0.54295532E+03
2170 0.54295532E+03
2171 0.54295532E+03
2172 0.54295532E+03
2173 0.54295532E+03
2174 0.54295532E+03
2175 0.54295532E+03
2176 0.54295532E+03
2177 0.54295532E+03
2178 0.54295532E+03
2179 0.54295532E+03
2180 0.54295532E+03
2181 0.54295532E+03
2182 0.54295532E+03
2183 0.54295532E+03
2184 0.54295532E+03
2185 0.54295532E+03
2186 0.54295532E+03
2187 0.54295532E+03
2188 0.54295532E+03
2189 0.54295532E+03
2190 0.54295532E+03
2191 0.54295532E+03
2192 0.54295532E+03
2193 0.54295532E+03
2194 0.54295532E+03
2195 0.54295532E+03
2196 0.54295532E+03
2197 0.54295532E+03
2198 0.54295532E+03
2199 0.54295532E+03
2200 0.54295532E+03
2201 0.54295532E+03
2202 0.54295532E+03
2203 0.54295532E+03
2204 0.54295532E+03
2205 0.54295532E+03
2206 0.54295532E+03
2207 0.54295532E+03
2208 0.54295532E+03
2209 0.54295532E+03
2210 0.54295532E+03
2211 0.54295532E+03
2212 0.54295532E+03
2213 0.54295532E+03
2214 0.54295532E+03
2215 0.54295532E+03
2216 0.54295532E+03
2217 0.54295532E+03
2218 0.54295532E+03
2219 0.54295532E+03
2220 0.54295532E+03
2221 0.54295532E+03
2222 0.54295532E+03
2223 0.54295532E+03
2224 0.54295532E+03
2225 0.54295532E+03
2226 0.54295532E+03
2227 0.54295532E+03
2228 0.54295532E+03
2229 0.54295532E+03
2230 0.54295532E+03
2231 0.54295532E+03
2232 0.54295532E+03
2233 0.54295532E+03
2234 0.54295532E+03
2235 0.54295532E+03
2236 0.54295532E+03
2237 0.54295532E+03
2238 0.54295532E+03
2239 0.54295532E+03
2240 0.54295532E+03
2241 0.54295532E+03
2242 0.54295532E+03
2243 0.54295532E+03
2244 0.54295532E+03
2245 0.54295532E+03
2246 0.54295532E+03
2247 0.54295532E+03
2248 0.54295532E+03
2249 0.54295532E+03
2250 0.54295532E+03
2251 0.54295532E+03
2252 0.54295532E+03
2253 0.54295532E+03
2254 0.54295532E+03
2255 0.54295532E+03
2256 0.54295532E+03
2257 0.54295532E+03
2258 0.54295532E+03
2259 0.54295532E+03
2260 0.54295532E+03
2261 0.54295532E+03
2262 0.54295532E+03
2263 0.54295532E+03
2264 0.54295532E+03
2265 0.54295532E+03
2266 0.54295532E+03
2267 0.54295532E+03
2268 0.54295532E+03
2269 0.54295532E+03
2270 0.54295532E+03
2271 0.54295532E+03
2272 0.54295532E+03
2273 0.54295532E+03
2274 0.54295532E+03
2275 0.54295532E+03
2276 0.54295532E+03
2277 0.54295532E+03
2278 0.54295532E+03
2279 0.54295532E+03
2280 0.54295532E+03
2281 0.54295532E+03
2282 0.54295532E+03
2283 0.54295532E+03
2284 0.54295532E+03
2285 0.54295532E+03
2286 0.54295532E+03
2287 0.54295532E+03
2288 0.54295532E+03
2289 0.54295532E+03
2290 0.54295532E+03
2291 0.54295532E+03
2292 0.54295532E+03
2293 0.54295532E+03
2294 0.54295532E+03
2295 0.54295532E+03
2296 0.54295532E+03
2297 0.54295532E+03
2298 0.54295532E+03
2299 0.54295532E+03
2300 0.54295532E+03
2301 0.54295532E+03
2302 0.54295532E+03
2303 0.54295532E+03
2304 0.54295532E+03
2305 0.54295532E+03
2306 0.54295532E+03
2307 0.54295532E+03
2308 0.54295532E+03
2309 0.54295532E+03
2310 0.54295532E+03
2311 0.54295532E+03
2312 0.54295532E+03
2313 0.54295532E+03
2314 0.54295532E+03
2315 0.54295532E+03
2316 0.54295532E+03
2317 0.54295532E+03
2318 0.54295532E+03
2319 0.54295532E+03
2320 0.54295532E+03
2321 0.54295532E+03
2322 0.54295532E+03
2323 0.54295532E+03
2324 0.54295532E+03
2325 0.54295532E+03
2326 0.54295532E+03
2327 0.54295532E+03
2328 0.54295532E+03
2329 0.54295532E+03
2330 0.54295532E+03
2331 0.54295532E+03
2332 0.54295532E+03
2333 0.54295532E+03
2334 0.54295532E+03
2335 0.54295532E+03
2336 0.54295532E+03
2337 0.54295532E+03
2338 0.54295532E+03
2339 0.54295532E+03
2340 0.54295532E+03
2341 0.54295532E+03
2342 0.54295532E+03
2343 0.54295532E+03
2344 0.54295532E+03
2345 0.54295532E+03
2346 0.54295532E+03
2347 0.54295532E+03
2348 0.54295532E+03
2349 0.54295532E+03
2350 0.54295532E+03
2351 0.54295532E+03
2352 0.54295532E+03
2353 0.54295532E+03
2354 0.54295532E+03
2355 0.54295532E+03
2356 0.54295532E+03
2357 0.54295532E+03
2358 0.54295532E+03
2359 0.54295532E+03
2360 0.54295532E+03
2361 0.54295532E+03
2362 0.54295532E+03
2363 0.54295532E+03
2364 0.54295532E+03
2365 0.54295532E+03
2366 0.54295532E+03
2367 0.54295532E+03
2368 0.54295532E+03
2369 0.54295532E+03
2370 0.54295532E+03
2371 0.54295532E+03
2372 0.54295532E+03
2373 0.54295532E+03
2374 0.54295532E+03
2375 0.54295532E+03
2376 0.54295532E+03
2377 0.54295532E+03
2378 0.54295532E+03
2379 0.54295532E+03
2380 0.54295532E+03
2381 0.54295532E+03
2382 0.54295532E+03
2383 0.54295532E+03
2384 0.54295532E+03
2385 0.54295532E+03
2386 0.54295532E+03
2387 0.54295532E+03
2388 0.54295532E+03
2389 0.54295532E+03
2390 0.54295532E+03
2391 0.54295532E+03
2392 0.54295532E+03
2393 0.54295532E+03
2394 0.54295532E+03
2395 0.54295532E+03
2396 0.54295532E+03
2397 0.54295532E+03
2398 0.54295532E+03
2399 0.54295532E+03
2400 0.54295532E+03
2401 0.54295532E+03
2402 0.54295532E+03
2403 0.54295532E+03
2404 0.54295532E+03
2405 0.54295532E+03
2406 0.54295532E+03
2407 0.54295532E+03
2408 0.54295532E+03
2409 0.54295532E+03
2410 0.54295532E+03
2411 0.54295532E+03
2412 0.54295532E+03
2413 0.54295532E+03
2414 0.54295532E+03
2415 0.54295532E+03
2416 0.54295532E+03
2417 0.54295532E+03
2418 0.54295532E+03
2419 0.54295532E+03
2420 0.54295532E+03
2421 0.54295532E+03
2422 0.54295532E+03
2423 0.54295532E+03
2424 0.54295532E+03
2425 0.54295532E+03
2426 0.54295532E+03
2427 0.54295532E+03
2428 0.54295532E+03
2429 0.54295532E+03
2430 0.54295532E+03
2431 0.54295532E+03
2432 0.54295532E+03
2433 0.54295532E+03
2434 0.54295532E+03
2435 0.54295532E+03
2436 0.54295532E+03
2437 0.54295532E+03
2438 0.54295532E+03
2439 0.54295532E+03
2440 0.54295532E+03
2441 0.54295532E+03
2442 0.54295532E+03
2443 0.54295532E+03
2444 0.54295532E+03
2445 0.54295532E+03
2446 0.54295532E+03
2447 0.54295532E+03
2448 0.54295532E+03
2449 0.54295532E+03
2450 0.54295532E+03
2451 0.54295532E+03
2452 0.54295532E+03
2453 0.54295532E+03
2454 0.54295532E+03
2455 0.54295532E+03
2456 0.54295532E+03
2457 0.54295532E+03
2458 0.54295532E+03
2459 0.54295532E+03
2460 0.54295532E+03
2461 0.54295532E+03
2462 0.54295532E+03
2463 0.54295532E+03
2464 0.54295532E+03
2465 0.54295532E+03
2466 0.54295532E+03
2467 0.54295532E+03
2468 0.54295532E+03
2469 0.54295532E+03
2470 0.54295532E+03
2471 0.54295532E+03
2472 0.54295532E+03
2473 0.54295532E+03
2474 0.54295532E+03
2475 0.54295532E+03
2476 0.54295532E+03
2477 0.54295532E+03
2478 0.54295532E+03
2479 0.54295532E+03
2480 0.54295532E+03
2481 0.54295532E+03
2482 0.54295532E+03
2483 0.54295532E+03
2484 0.54295532E+03
2485 0.54295532E+03
2486 0.54295532E+03
2487 0.54295532E+03
2488 0.54295532E+03
2489 0.54295532E+03
2490 0.54295532E+03
2491 0.54295532E+03
2492 0.54295532E+03
2493 0.54295532E+03
2494 0.54295532E+03
2495 0.54295532E+03
2496 0.54295532E+03
2497 0.54295532E+03
2498 0.54295532E+03
2499 0.54295532E+03
2500 0.54295532E+03 