1765 0.27805158E+03
1766 0.27810615E+03
1767 0.27822039E+03
1768 0.27834305E+03
1769 0.27847058E+03
1770 0.27860047E+03
1771 0.27873275E+03
1772 0.27886881E+03
1773 0.27900907E+03
1774 0.27915318E+03
1775 0.27930180E+03
1776 0.27945680E+03
1777 0.27961808E+03
1778 0.27978192E+03
1779 0.27994320E+03
1780 0.28009740E+03
1781 0.28024280E+03
1782 0.28038168E+03
1783 0.28051832E+03
1784 0.28065720E+03
1785 0.28080260E+03
1786 0.28095680E+03
1787 0.28111808E+03
1788 0.28128192E+03
1789 0.28144320E+03
1790 0.28159820E+03
1791 0.28174682E+03
1792 0.28189093E+03
1793 0.28203119E+03
1794 0.28216725E+03
1795 0.28229901E+03
1796 0.28242680E+03
1797 0.28255093E+03
1798 0.28267123E+03
1799 0.28278730E+03
1800 0.28289901E+03
1801 0.28300677E+03
1802 0.28311093E+03
1803 0.28321129E+03
1804 0.28330737E+03
1805 0.28339963E+03
1806 0.28348978E+03
1807 0.28357796E+03
1808 0.28366116E+03
1809 0.28373511E+03
1810 0.28379676E+03
1811 0.28384667E+03
1812 0.28388853E+03
1813 0.28392613E+03
1814 0.28396267E+03
1815 0.28400107E+03
1816 0.28404267E+03
1817 0.28408613E+03
1818 0.28412853E+03
1819 0.28416667E+03
1820 0.28419820E+03
1821 0.28422333E+03
1822 0.28424427E+03
1823 0.28426307E+03
1824 0.28428133E+03
1825 0.28430027E+03
1826 0.28432000E+03
1827 0.28434000E+03
1828 0.28436000E+03
1829 0.28438000E+03
1830 0.28440000E+03
1831 0.28438500E+03
1832 0.28428000E+03
1833 0.28412500E+03
1834 0.28397500E+03
1835 0.28382500E+03
1836 0.28367500E+03
1837 0.28352500E+03
1838 0.28342500E+03
1839 0.28340000E+03
1840 0.28340000E+03
1841 0.28342500E+03
1842 0.28350000E+03
1843 0.28360000E+03
1844 0.28372500E+03
1845 0.28390000E+03
1846 0.28407500E+03
1847 0.28422500E+03
1848 0.28440000E+03
1849 0.28457500E+03
1850 0.28472500E+03
1851 0.28487500E+03
1852 0.28500000E+03
1853 0.28512500E+03
1854 0.28527500E+03
1855 0.28542500E+03
1856 0.28557500E+03
1857 0.28572500E+03
1858 0.28590000E+03
1859 0.28607500E+03
1860 0.28622500E+03
1861 0.28637500E+03
1862 0.28650000E+03
1863 0.28662500E+03
1864 0.28677500E+03
1865 0.28690000E+03
1866 0.28700000E+03
1867 0.28710000E+03
1868 0.28722500E+03
1869 0.28737500E+03
1870 0.28752500E+03
1871 0.28770000E+03
1872 0.28790000E+03
1873 0.28812500E+03
1874 0.28840000E+03
1875 0.28870000E+03
1876 0.28902500E+03
1877 0.28940000E+03
1878 0.28980000E+03
1879 0.29022500E+03
1880 0.29070000E+03
1881 0.29120000E+03
1882 0.29167500E+03
1883 0.29212500E+03
1884 0.29257500E+03
1885 0.29297500E+03
1886 0.29330000E+03
1887 0.29357500E+03
1888 0.29380000E+03
1889 0.29400000E+03
1890 0.29417500E+03
1891 0.29432500E+03
1892 0.29447500E+03
1893 0.29460000E+03
1894 0.29470000E+03
1895 0.29480000E+03
1896 0.29490000E+03
1897 0.29502500E+03
1898 0.29522500E+03
1899 0.29550000E+03
1900 0.29580000E+03
1901 0.29612500E+03
1902 0.29647500E+03
1903 0.29682500E+03
1904 0.29720000E+03
1905 0.29762500E+03
1906 0.29807500E+03
1907 0.29850000E+03
1908 0.29890000E+03
1909 0.29930000E+03
1910 0.29970000E+03
1911 0.30007500E+03
1912 0.30042500E+03
1913 0.30077500E+03
1914 0.30110000E+03
1915 0.30140000E+03
1916 0.30172500E+03
1917 0.30207500E+03
1918 0.30240000E+03
1919 0.30270000E+03
1920 0.30302500E+03
1921 0.30340000E+03
1922 0.30377500E+03
1923 0.30412500E+03
1924 0.30452500E+03
1925 0.30497500E+03
1926 0.30540000E+03
1927 0.30582500E+03
1928 0.30630000E+03
1929 0.30677500E+03
1930 0.30722500E+03
1931 0.30770000E+03
1932 0.30817500E+03
1933 0.30860000E+03
1934 0.30900000E+03
1935 0.30940000E+03
1936 0.30975000E+03
1937 0.31000000E+03
1938 0.31017500E+03
1939 0.31030000E+03
1940 0.31037500E+03
1941 0.31037500E+03
1942 0.31030000E+03
1943 0.31020000E+03
1944 0.31012500E+03
1945 0.31010000E+03
1946 0.31012500E+03
1947 0.31020000E+03
1948 0.31032500E+03
1949 0.31050000E+03
1950 0.31075000E+03
1951 0.31110000E+03
1952 0.31150000E+03
1953 0.31192500E+03
1954 0.31242500E+03
1955 0.31300000E+03
1956 0.31360000E+03
1957 0.31422500E+03
1958 0.31484750E+03
1959 0.31550000E+03
1960 0.31627250E+03
1961 0.31707500E+03
1962 0.31779500E+03
1963 0.31839750E+03
1964 0.31892500E+03
1965 0.31964750E+03
1966 0.32064750E+03
1967 0.32160500E+03
1968 0.32263500E+03
1969 0.32390250E+03
1970 0.32498500E+03
1971 0.32585500E+03
1972 0.32714000E+03
1973 0.32867750E+03
1974 0.32974250E+03
1975 0.33058500E+03
1976 0.33174750E+03
1977 0.33327250E+03
1978 0.33484750E+03
1979 0.33652500E+03
1980 0.33836000E+03
1981 0.33972750E+03
1982 0.34079250E+03
1983 0.34219750E+03
1984 0.34378250E+03
1985 0.34528250E+03
1986 0.34679750E+03
1987 0.34864500E+03
1988 0.35073750E+03
1989 0.35248750E+03
1990 0.35385500E+03
1991 0.35501750E+03
1992 0.35588500E+03
1993 0.35677750E+03
1994 0.35812750E+03
1995 0.35983750E+03
1996 0.36146250E+03
1997 0.36315500E+03
1998 0.36532250E+03
1999 0.36734750E+03
2000 0.36886500E+03
2001 0.37046750E+03
2002 0.37252250E+03
2003 0.37476000E+03
2004 0.37681250E+03
2005 0.37881250E+03
2006 0.38082750E+03
2007 0.38277750E+03
2008 0.38480000E+03
2009 0.38693455E+03
2010 0.38907150E+03
2011 0.39116650E+03
2012 0.39324066E+03
2013 0.39529786E+03
2014 0.39734576E+03
2015 0.39938717E+03
2016 0.40141789E+03
2017 0.40343127E+03
2018 0.40542513E+03
2019 0.40740083E+03
2020 0.40936026E+03
2021 0.41129764E+03
2022 0.41321903E+03
2023 0.41514445E+03
2024 0.41708292E+03
2025 0.41903635E+03
2026 0.42100380E+03
2027 0.42297812E+03
2028 0.42495028E+03
2029 0.42691631E+03
2030 0.42887629E+03
2031 0.43083200E+03
2032 0.43280746E+03
2033 0.43483148E+03
2034 0.43691619E+03
2035 0.43906785E+03
2036 0.44128581E+03
2037 0.44356720E+03
2038 0.44590288E+03
2039 0.44828176E+03
2040 0.45069811E+03
2041 0.45315021E+03
2042 0.45564509E+03
2043 0.45818181E+03
2044 0.46076247E+03
2045 0.46340530E+03
2046 0.46611968E+03
2047 0.46890757E+03
2048 0.47176784E+03
2049 0.47469236E+03
2050 0.47767043E+03
2051 0.48069694E+03
2052 0.48377696E+03
2053 0.48691560E+03
2054 0.49010250E+03
2055 0.49333845E+03
2056 0.49664173E+03
2057 0.50002229E+03
2058 0.50348287E+03
2059 0.50702296E+03
2060 0.51063443E+03
2061 0.51430531E+03
2062 0.51802671E+03
2063 0.52179702E+03
2064 0.52561935E+03
2065 0.52948604E+03
2066 0.53339980E+03
2067 0.53738147E+03
2068 0.54144308E+03
2069 0.54558888E+03
2070 0.54981989E+03
2071 0.55412904E+03
2072 0.55848622E+03
2073 0.56286724E+03
2074 0.56727205E+03
2075 0.57170141E+03
2076 0.57614574E+03
2077 0.58060640E+03
2078 0.58510462E+03
2079 0.58965317E+03
2080 0.59425683E+03
2081 0.59891790E+03
2082 0.60353811E+03
2083 0.60801988E+03
2084 0.61236372E+03
2085 0.61657173E+03
2086 0.62064773E+03
2087 0.62458304E+03
2088 0.62838085E+03
2089 0.63206458E+03
2090 0.63564876E+03
2091 0.63914086E+03
2092 0.64259729E+03
2093 0.64606094E+03
2094 0.64951513E+03
2095 0.65295074E+03
2096 0.65636419E+03
2097 0.65975421E+03
2098 0.66310742E+03
2099 0.66642313E+03
2100 0.66972317E+03
2101 0.67302173E+03
2102 0.67629128E+03
2103 0.67950127E+03
2104 0.68264541E+03
2105 0.68571141E+03
2106 0.68869282E+03
2107 0.69158868E+03
2108 0.69439983E+03
2109 0.69711406E+03
2110 0.69973157E+03
2111 0.70227614E+03
2112 0.70476390E+03
2113 0.70720265E+03
2114 0.70959530E+03
2115 0.71193394E+03
2116 0.71420507E+03
2117 0.71640081E+03
2118 0.71851915E+03
2119 0.72056005E+03
2120 0.72251007E+03
2121 0.72436814E+03
2122 0.72615805E+03
2123 0.72789640E+03
2124 0.72959084E+03
2125 0.73124405E+03
2126 0.73284773E+03
2127 0.73438928E+03
2128 0.73586182E+03
2129 0.73726278E+03
2130 0.73859171E+03
2131 0.73983434E+03
2132 0.74098904E+03
2133 0.74207980E+03
2134 0.74312350E+03
2135 0.74412799E+03
2136 0.74509601E+03
2137 0.74601899E+03
2138 0.74688224E+03
2139 0.74767691E+03
2140 0.74840031E+03
2141 0.74905184E+03
2142 0.74961690E+03
2143 0.75009334E+03
2144 0.75050572E+03
2145 0.75087141E+03
2146 0.75119813E+03
2147 0.75148890E+03
2148 0.75173512E+03
2149 0.75192185E+03
2150 0.75199877E+03
2151 0.75199877E+03
2152 0.75199877E+03
2153 0.75199877E+03
2154 0.75199877E+03
2155 0.75199877E+03
2156 0.75199877E+03
2157 0.75199877E+03
2158 0.75199877E+03
2159 0.75199877E+03
2160 0.75199877E+03
2161 0.75199877E+03
2162 0.75199877E+03
2163 0.75199877E+03
2164 0.75199877E+03
2165 0.75199877E+03
2166 0.75199877E+03
2167 0.75199877E+03
2168 0.75199877E+03
2169 0.75199877E+03
2170 0.75199877E+03
2171 0.75199877E+03
2172 0.75199877E+03
2173 0.75199877E+03
2174 0.75199877E+03
2175 0.75199877E+03
2176 0.75199877E+03
2177 0.75199877E+03
2178 0.75199877E+03
2179 0.75199877E+03
2180 0.75199877E+03
2181 0.75199877E+03
2182 0.75199877E+03
2183 0.75199877E+03
2184 0.75199877E+03
2185 0.75199877E+03
2186 0.75199877E+03
2187 0.75199877E+03
2188 0.75199877E+03
2189 0.75199877E+03
2190 0.75199877E+03
2191 0.75199877E+03
2192 0.75199877E+03
2193 0.75199877E+03
2194 0.75199877E+03
2195 0.75199877E+03
2196 0.75199877E+03
2197 0.75199877E+03
2198 0.75199877E+03
2199 0.75199877E+03
2200 0.75199877E+03
2201 0.75199877E+03
2202 0.75199877E+03
2203 0.75199877E+03
2204 0.75199877E+03
2205 0.75199877E+03
2206 0.75199877E+03
2207 0.75199877E+03
2208 0.75199877E+03
2209 0.75199877E+03
2210 0.75199877E+03
2211 0.75199877E+03
2212 0.75199877E+03
2213 0.75199877E+03
2214 0.75199877E+03
2215 0.75199877E+03
2216 0.75199877E+03
2217 0.75199877E+03
2218 0.75199877E+03
2219 0.75199877E+03
2220 0.75199877E+03
2221 0.75199877E+03
2222 0.75199877E+03
2223 0.75199877E+03
2224 0.75199877E+03
2225 0.75199877E+03
2226 0.75199877E+03
2227 0.75199877E+03
2228 0.75199877E+03
2229 0.75199877E+03
2230 0.75199877E+03
2231 0.75199877E+03
2232 0.75199877E+03
2233 0.75199877E+03
2234 0.75199877E+03
2235 0.75199877E+03
2236 0.75199877E+03
2237 0.75199877E+03
2238 0.75199877E+03
2239 0.75199877E+03
2240 0.75199877E+03
2241 0.75199877E+03
2242 0.75199877E+03
2243 0.75199877E+03
2244 0.75199877E+03
2245 0.75199877E+03
2246 0.75199877E+03
2247 0.75199877E+03
2248 0.75199877E+03
2249 0.75199877E+03
2250 0.75199877E+03
2251 0.75199877E+03
2252 0.75199877E+03
2253 0.75199877E+03
2254 0.75199877E+03
2255 0.75199877E+03
2256 0.75199877E+03
2257 0.75199877E+03
2258 0.75199877E+03
2259 0.75199877E+03
2260 0.75199877E+03
2261 0.75199877E+03
2262 0.75199877E+03
2263 0.75199877E+03
2264 0.75199877E+03
2265 0.75199877E+03
2266 0.75199877E+03
2267 0.75199877E+03
2268 0.75199877E+03
2269 0.75199877E+03
2270 0.75199877E+03
2271 0.75199877E+03
2272 0.75199877E+03
2273 0.75199877E+03
2274 0.75199877E+03
2275 0.75199877E+03
2276 0.75199877E+03
2277 0.75199877E+03
2278 0.75199877E+03
2279 0.75199877E+03
2280 0.75199877E+03
2281 0.75199877E+03
2282 0.75199877E+03
2283 0.75199877E+03
2284 0.75199877E+03
2285 0.75199877E+03
2286 0.75199877E+03
2287 0.75199877E+03
2288 0.75199877E+03
2289 0.75199877E+03
2290 0.75199877E+03
2291 0.75199877E+03
2292 0.75199877E+03
2293 0.75199877E+03
2294 0.75199877E+03
2295 0.75199877E+03
2296 0.75199877E+03
2297 0.75199877E+03
2298 0.75199877E+03
2299 0.75199877E+03
2300 0.75199877E+03
2301 0.75199877E+03
2302 0.75199877E+03
2303 0.75199877E+03
2304 0.75199877E+03
2305 0.75199877E+03
2306 0.75199877E+03
2307 0.75199877E+03
2308 0.75199877E+03
2309 0.75199877E+03
2310 0.75199877E+03
2311 0.75199877E+03
2312 0.75199877E+03
2313 0.75199877E+03
2314 0.75199877E+03
2315 0.75199877E+03
2316 0.75199877E+03
2317 0.75199877E+03
2318 0.75199877E+03
2319 0.75199877E+03
2320 0.75199877E+03
2321 0.75199877E+03
2322 0.75199877E+03
2323 0.75199877E+03
2324 0.75199877E+03
2325 0.75199877E+03
2326 0.75199877E+03
2327 0.75199877E+03
2328 0.75199877E+03
2329 0.75199877E+03
2330 0.75199877E+03
2331 0.75199877E+03
2332 0.75199877E+03
2333 0.75199877E+03
2334 0.75199877E+03
2335 0.75199877E+03
2336 0.75199877E+03
2337 0.75199877E+03
2338 0.75199877E+03
2339 0.75199877E+03
2340 0.75199877E+03
2341 0.75199877E+03
2342 0.75199877E+03
2343 0.75199877E+03
2344 0.75199877E+03
2345 0.75199877E+03
2346 0.75199877E+03
2347 0.75199877E+03
2348 0.75199877E+03
2349 0.75199877E+03
2350 0.75199877E+03
2351 0.75199877E+03
2352 0.75199877E+03
2353 0.75199877E+03
2354 0.75199877E+03
2355 0.75199877E+03
2356 0.75199877E+03
2357 0.75199877E+03
2358 0.75199877E+03
2359 0.75199877E+03
2360 0.75199877E+03
2361 0.75199877E+03
2362 0.75199877E+03
2363 0.75199877E+03
2364 0.75199877E+03
2365 0.75199877E+03
2366 0.75199877E+03
2367 0.75199877E+03
2368 0.75199877E+03
2369 0.75199877E+03
2370 0.75199877E+03
2371 0.75199877E+03
2372 0.75199877E+03
2373 0.75199877E+03
2374 0.75199877E+03
2375 0.75199877E+03
2376 0.75199877E+03
2377 0.75199877E+03
2378 0.75199877E+03
2379 0.75199877E+03
2380 0.75199877E+03
2381 0.75199877E+03
2382 0.75199877E+03
2383 0.75199877E+03
2384 0.75199877E+03
2385 0.75199877E+03
2386 0.75199877E+03
2387 0.75199877E+03
2388 0.75199877E+03
2389 0.75199877E+03
2390 0.75199877E+03
2391 0.75199877E+03
2392 0.75199877E+03
2393 0.75199877E+03
2394 0.75199877E+03
2395 0.75199877E+03
2396 0.75199877E+03
2397 0.75199877E+03
2398 0.75199877E+03
2399 0.75199877E+03
2400 0.75199877E+03
2401 0.75199877E+03
2402 0.75199877E+03
2403 0.75199877E+03
2404 0.75199877E+03
2405 0.75199877E+03
2406 0.75199877E+03
2407 0.75199877E+03
2408 0.75199877E+03
2409 0.75199877E+03
2410 0.75199877E+03
2411 0.75199877E+03
2412 0.75199877E+03
2413 0.75199877E+03
2414 0.75199877E+03
2415 0.75199877E+03
2416 0.75199877E+03
2417 0.75199877E+03
2418 0.75199877E+03
2419 0.75199877E+03
2420 0.75199877E+03
2421 0.75199877E+03
2422 0.75199877E+03
2423 0.75199877E+03
2424 0.75199877E+03
2425 0.75199877E+03
2426 0.75199877E+03
2427 0.75199877E+03
2428 0.75199877E+03
2429 0.75199877E+03
2430 0.75199877E+03
2431 0.75199877E+03
2432 0.75199877E+03
2433 0.75199877E+03
2434 0.75199877E+03
2435 0.75199877E+03
2436 0.75199877E+03
2437 0.75199877E+03
2438 0.75199877E+03
2439 0.75199877E+03
2440 0.75199877E+03
2441 0.75199877E+03
2442 0.75199877E+03
2443 0.75199877E+03
2444 0.75199877E+03
2445 0.75199877E+03
2446 0.75199877E+03
2447 0.75199877E+03
2448 0.75199877E+03
2449 0.75199877E+03
2450 0.75199877E+03
2451 0.75199877E+03
2452 0.75199877E+03
2453 0.75199877E+03
2454 0.75199877E+03
2455 0.75199877E+03
2456 0.75199877E+03
2457 0.75199877E+03
2458 0.75199877E+03
2459 0.75199877E+03
2460 0.75199877E+03
2461 0.75199877E+03
2462 0.75199877E+03
2463 0.75199877E+03
2464 0.75199877E+03
2465 0.75199877E+03
2466 0.75199877E+03
2467 0.75199877E+03
2468 0.75199877E+03
2469 0.75199877E+03
2470 0.75199877E+03
2471 0.75199877E+03
2472 0.75199877E+03
2473 0.75199877E+03
2474 0.75199877E+03
2475 0.75199877E+03
2476 0.75199877E+03
2477 0.75199877E+03
2478 0.75199877E+03
2479 0.75199877E+03
2480 0.75199877E+03
2481 0.75199877E+03
2482 0.75199877E+03
2483 0.75199877E+03
2484 0.75199877E+03
2485 0.75199877E+03
2486 0.75199877E+03
2487 0.75199877E+03
2488 0.75199877E+03
2489 0.75199877E+03
2490 0.75199877E+03
2491 0.75199877E+03
2492 0.75199877E+03
2493 0.75199877E+03
2494 0.75199877E+03
2495 0.75199877E+03
2496 0.75199877E+03
2497 0.75199877E+03
2498 0.75199877E+03
2499 0.75199877E+03
2500 0.75199877E+03